0.000000e+00, 1.603511e+03, 1.789638e+03, 5.107533e+01, 
1.276078e+01, 1.617684e+03, 1.786814e+03, 5.366777e+01, 
2.452157e+01, 1.601800e+03, 1.815764e+03, 4.548231e+01, 
3.628235e+01, 1.639496e+03, 1.768662e+03, 5.172435e+01, 
4.804314e+01, 1.577494e+03, 1.771101e+03, 5.063753e+01, 
5.980392e+01, 1.568464e+03, 1.810747e+03, 4.738462e+01, 
7.156471e+01, 1.568776e+03, 1.806622e+03, 4.913282e+01, 
8.332549e+01, 1.565087e+03, 1.801671e+03, 5.068525e+01, 
9.508627e+01, 1.592366e+03, 1.814701e+03, 5.715679e+01, 
1.068471e+02, 1.595870e+03, 1.813264e+03, 5.553887e+01, 
1.186078e+02, 1.589265e+03, 1.818008e+03, 4.730023e+01, 
1.303686e+02, 1.621080e+03, 1.786431e+03, 5.606985e+01, 
1.421294e+02, 1.610232e+03, 1.812322e+03, 5.145081e+01, 
1.538902e+02, 1.621758e+03, 1.803627e+03, 4.987389e+01, 
1.656510e+02, 1.634628e+03, 1.793377e+03, 5.142949e+01, 
1.774118e+02, 1.637819e+03, 1.771942e+03, 4.959007e+01, 
1.891725e+02, 1.575362e+03, 1.817931e+03, 4.975171e+01, 
2.009333e+02, 1.571110e+03, 1.789605e+03, 5.297940e+01, 
2.126941e+02, 1.615701e+03, 1.806903e+03, 5.281807e+01, 
2.244549e+02, 1.567506e+03, 1.815440e+03, 5.283438e+01, 
2.362157e+02, 1.602032e+03, 1.774708e+03, 5.134299e+01, 
2.479765e+02, 1.602428e+03, 1.776185e+03, 4.758503e+01, 
2.597373e+02, 1.628891e+03, 1.803171e+03, 5.143448e+01, 
2.714980e+02, 1.598788e+03, 1.799055e+03, 5.326047e+01, 
2.832588e+02, 1.591477e+03, 1.824990e+03, 5.097779e+01, 
2.950196e+02, 1.613714e+03, 1.819133e+03, 5.206939e+01, 
3.067804e+02, 1.619301e+03, 1.814998e+03, 5.145377e+01, 
3.185412e+02, 1.601604e+03, 1.771285e+03, 4.939312e+01, 
3.303020e+02, 1.587817e+03, 1.772665e+03, 5.058774e+01, 
3.420627e+02, 1.572000e+03, 1.773666e+03, 4.842543e+01, 
3.538235e+02, 1.606887e+03, 1.819094e+03, 5.177679e+01, 
3.655843e+02, 1.580972e+03, 1.828353e+03, 4.770586e+01, 
3.773451e+02, 2.198751e+03, 2.841152e+03, 7.786226e+01, 
3.891059e+02, 2.278680e+03, 2.717587e+03, 7.838100e+01, 
4.008667e+02, 2.221063e+03, 2.849890e+03, 7.411143e+01, 
4.126275e+02, 2.243520e+03, 2.712719e+03, 8.287676e+01, 
4.243882e+02, 2.271127e+03, 2.714318e+03, 8.065038e+01, 
4.361490e+02, 2.234163e+03, 2.831521e+03, 7.849014e+01, 
4.479098e+02, 2.276588e+03, 2.761654e+03, 8.274060e+01, 
4.596706e+02, 2.238155e+03, 2.834454e+03, 7.657697e+01, 
4.714314e+02, 2.270634e+03, 2.855805e+03, 7.979552e+01, 
4.831922e+02, 2.272955e+03, 2.818634e+03, 7.951711e+01, 
4.949529e+02, 2.243509e+03, 2.853767e+03, 8.063841e+01, 
5.067137e+02, 2.195952e+03, 2.740601e+03, 8.062572e+01, 
5.184745e+02, 2.230972e+03, 2.852630e+03, 7.827024e+01, 
5.302353e+02, 2.241485e+03, 2.905414e+03, 7.993990e+01, 
5.419961e+02, 2.224155e+03, 2.882192e+03, 7.967024e+01, 
5.537569e+02, 2.215919e+03, 2.707317e+03, 8.125541e+01, 
5.655176e+02, 2.286194e+03, 2.770082e+03, 8.218653e+01, 
5.772784e+02, 2.242116e+03, 2.770701e+03, 8.221855e+01, 
5.890392e+02, 2.293624e+03, 2.841446e+03, 7.827269e+01, 
6.008000e+02, 2.237758e+03, 2.821939e+03, 8.015472e+01, 
6.125608e+02, 2.280275e+03, 2.864818e+03, 7.757177e+01, 
6.243216e+02, 2.238389e+03, 2.770354e+03, 7.777300e+01, 
6.360824e+02, 2.284708e+03, 2.734150e+03, 7.998630e+01, 
6.478431e+02, 2.278696e+03, 2.707413e+03, 8.306526e+01, 
6.596039e+02, 2.236207e+03, 2.860913e+03, 7.846067e+01, 
6.713647e+02, 2.218052e+03, 2.734071e+03, 8.074276e+01, 
6.831255e+02, 2.282671e+03, 2.774973e+03, 7.954883e+01, 
6.948863e+02, 2.300547e+03, 2.811598e+03, 8.223471e+01, 
7.066471e+02, 2.230601e+03, 2.739286e+03, 7.782187e+01, 
7.184078e+02, 2.269267e+03, 2.831795e+03, 8.006511e+01, 
7.301686e+02, 2.243098e+03, 2.796524e+03, 8.110505e+01, 
7.419294e+02, 2.287519e+03, 2.722013e+03, 8.220122e+01, 
7.536902e+02, 2.280246e+03, 2.863153e+03, 8.308842e+01, 
7.654510e+02, 2.212566e+03, 2.710536e+03, 8.017186e+01, 
7.772118e+02, 2.290723e+03, 2.753871e+03, 7.701682e+01, 
7.889725e+02, 2.305111e+03, 2.741172e+03, 7.851540e+01, 
8.007333e+02, 2.251623e+03, 2.806915e+03, 7.787684e+01, 
8.124941e+02, 2.293232e+03, 2.708496e+03, 8.470091e+01, 
8.242549e+02, 2.259903e+03, 2.778791e+03, 7.876880e+01, 
8.360157e+02, 2.211160e+03, 2.711486e+03, 8.149615e+01, 
8.477765e+02, 2.216235e+03, 2.713152e+03, 7.961516e+01, 
8.595373e+02, 2.239532e+03, 2.863712e+03, 8.177722e+01, 
8.712980e+02, 2.277979e+03, 2.753312e+03, 7.847030e+01, 
8.830588e+02, 2.286628e+03, 2.823191e+03, 7.719546e+01, 
8.948196e+02, 2.282621e+03, 2.904031e+03, 7.715525e+01, 
9.065804e+02, 2.229584e+03, 2.784877e+03, 8.097639e+01, 
9.183412e+02, 2.253832e+03, 2.843624e+03, 7.964525e+01, 
9.301020e+02, 2.203869e+03, 2.857814e+03, 7.960789e+01, 
9.418627e+02, 2.206317e+03, 2.784912e+03, 8.283862e+01, 
9.536235e+02, 2.209083e+03, 2.834832e+03, 8.058317e+01, 
9.653843e+02, 2.270098e+03, 2.712585e+03, 8.039562e+01, 
9.771451e+02, 2.249457e+03, 2.897162e+03, 8.317540e+01, 
9.889059e+02, 2.215092e+03, 2.729991e+03, 7.839107e+01, 
1.000667e+03, 2.249438e+03, 2.747624e+03, 8.139325e+01, 
1.012427e+03, 2.210356e+03, 2.866714e+03, 8.167018e+01, 
1.024188e+03, 2.199935e+03, 2.797223e+03, 7.951257e+01, 
1.035949e+03, 2.289455e+03, 2.860247e+03, 8.043134e+01, 
1.047710e+03, 2.256813e+03, 2.776706e+03, 7.766831e+01, 
1.059471e+03, 2.298331e+03, 2.749138e+03, 7.770409e+01, 
1.071231e+03, 2.272125e+03, 2.696341e+03, 8.020975e+01, 
1.082992e+03, 2.259314e+03, 2.838818e+03, 8.144451e+01, 
1.094753e+03, 2.285482e+03, 2.784222e+03, 8.517098e+01, 
1.106514e+03, 2.292639e+03, 2.789190e+03, 7.866622e+01, 
1.118275e+03, 2.305003e+03, 2.824608e+03, 8.037466e+01, 
1.130035e+03, 2.437565e+03, 3.424871e+03, 5.983501e+01, 
1.141796e+03, 2.545680e+03, 3.497690e+03, 5.613395e+01, 
1.153557e+03, 2.514071e+03, 3.627453e+03, 5.912207e+01, 
1.165318e+03, 2.561244e+03, 3.605787e+03, 5.641064e+01, 
1.177078e+03, 2.503460e+03, 3.443594e+03, 6.168075e+01, 
1.188839e+03, 2.497440e+03, 3.444963e+03, 5.822394e+01, 
1.200600e+03, 2.537668e+03, 3.434228e+03, 6.020019e+01, 
1.212361e+03, 2.465980e+03, 3.410221e+03, 5.891094e+01, 
1.224122e+03, 2.499762e+03, 3.528163e+03, 6.060704e+01, 
1.235882e+03, 2.550107e+03, 3.594183e+03, 5.879935e+01, 
1.247643e+03, 2.509333e+03, 3.613310e+03, 6.097993e+01, 
1.259404e+03, 2.543147e+03, 3.558863e+03, 6.147873e+01, 
1.271165e+03, 2.529830e+03, 3.438904e+03, 6.342378e+01, 
1.282925e+03, 2.510748e+03, 3.587422e+03, 5.961175e+01, 
1.294686e+03, 2.468342e+03, 3.443926e+03, 5.572329e+01, 
1.306447e+03, 2.520802e+03, 3.446142e+03, 5.832082e+01, 
1.318208e+03, 2.447935e+03, 3.436001e+03, 6.270919e+01, 
1.329969e+03, 2.515745e+03, 3.448336e+03, 5.785569e+01, 
1.341729e+03, 2.520118e+03, 3.455783e+03, 6.192191e+01, 
1.353490e+03, 2.528719e+03, 3.463735e+03, 6.024810e+01, 
1.365251e+03, 2.548844e+03, 3.498164e+03, 6.287339e+01, 
1.377012e+03, 2.560288e+03, 3.497866e+03, 5.607820e+01, 
1.388773e+03, 2.533629e+03, 3.469788e+03, 5.960460e+01, 
1.400533e+03, 2.510181e+03, 3.479296e+03, 5.758431e+01, 
1.412294e+03, 2.553539e+03, 3.661590e+03, 6.581602e+01, 
1.424055e+03, 2.510011e+03, 3.607715e+03, 6.165044e+01, 
1.435816e+03, 2.439623e+03, 3.565830e+03, 6.275794e+01, 
1.447576e+03, 2.452607e+03, 3.460379e+03, 5.788364e+01, 
1.459337e+03, 2.545339e+03, 3.468217e+03, 5.906277e+01, 
1.471098e+03, 2.498037e+03, 3.429966e+03, 5.945506e+01, 
1.482859e+03, 2.543107e+03, 3.667519e+03, 6.219685e+01, 
1.494620e+03, 2.463676e+03, 3.608707e+03, 5.944426e+01, 
1.506380e+03, 2.205752e+03, 3.013869e+03, 1.214031e+02, 
1.518141e+03, 2.214287e+03, 2.955223e+03, 1.158964e+02, 
1.529902e+03, 2.148519e+03, 2.919889e+03, 1.192923e+02, 
1.541663e+03, 2.212618e+03, 3.029399e+03, 1.183528e+02, 
1.553424e+03, 2.184865e+03, 3.117104e+03, 1.168459e+02, 
1.565184e+03, 2.150449e+03, 2.920904e+03, 1.210159e+02, 
1.576945e+03, 2.198853e+03, 2.941870e+03, 1.205640e+02, 
1.588706e+03, 2.166176e+03, 2.975232e+03, 1.200670e+02, 
1.600467e+03, 2.158539e+03, 2.897759e+03, 1.173326e+02, 
1.612227e+03, 2.167604e+03, 3.044183e+03, 1.222550e+02, 
1.623988e+03, 2.161117e+03, 2.976573e+03, 1.207004e+02, 
1.635749e+03, 2.165798e+03, 3.115880e+03, 1.194019e+02, 
1.647510e+03, 2.149692e+03, 2.976524e+03, 1.200458e+02, 
1.659271e+03, 2.214872e+03, 3.028961e+03, 1.194760e+02, 
1.671031e+03, 2.176005e+03, 2.917049e+03, 1.164996e+02, 
1.682792e+03, 2.204246e+03, 2.971523e+03, 1.194287e+02, 
1.694553e+03, 2.221468e+03, 2.918672e+03, 1.183373e+02, 
1.706314e+03, 2.199903e+03, 3.061947e+03, 1.180416e+02, 
1.718075e+03, 2.203938e+03, 3.089067e+03, 1.176872e+02, 
1.729835e+03, 2.193970e+03, 2.964186e+03, 1.189329e+02, 
1.741596e+03, 2.158633e+03, 3.044529e+03, 1.159947e+02, 
1.753357e+03, 2.198939e+03, 2.950596e+03, 1.219285e+02, 
1.765118e+03, 2.238830e+03, 3.007351e+03, 1.210401e+02, 
1.776878e+03, 2.241132e+03, 3.079782e+03, 1.199599e+02, 
1.788639e+03, 2.174732e+03, 3.023398e+03, 1.199305e+02, 
1.800400e+03, 2.167931e+03, 2.960475e+03, 1.184037e+02, 
1.812161e+03, 2.207148e+03, 2.951814e+03, 1.220374e+02, 
1.823922e+03, 2.215434e+03, 2.988622e+03, 1.197336e+02, 
1.835682e+03, 2.190873e+03, 2.981435e+03, 1.185709e+02, 
1.847443e+03, 2.167657e+03, 2.966306e+03, 1.227028e+02, 
1.859204e+03, 2.249273e+03, 3.013997e+03, 1.195505e+02, 
1.870965e+03, 2.154028e+03, 3.058211e+03, 1.188219e+02, 
1.882725e+03, 2.156628e+03, 2.981840e+03, 1.194125e+02, 
1.894486e+03, 2.160625e+03, 2.983045e+03, 1.183041e+02, 
1.906247e+03, 2.163311e+03, 2.909969e+03, 1.177597e+02, 
1.918008e+03, 2.213305e+03, 2.885864e+03, 1.250520e+02, 
1.929769e+03, 2.208108e+03, 2.949644e+03, 1.233110e+02, 
1.941529e+03, 2.150729e+03, 2.956205e+03, 1.206151e+02, 
1.953290e+03, 2.247432e+03, 3.036886e+03, 1.174858e+02, 
1.965051e+03, 2.225153e+03, 3.109665e+03, 1.182691e+02, 
1.976812e+03, 2.226163e+03, 3.104575e+03, 1.196469e+02, 
1.988573e+03, 2.151974e+03, 2.989893e+03, 1.215828e+02, 
2.000333e+03, 2.239648e+03, 2.937715e+03, 1.173360e+02, 
2.012094e+03, 2.247785e+03, 3.063336e+03, 1.153403e+02, 
2.023855e+03, 2.253284e+03, 3.062239e+03, 1.171018e+02, 
2.035616e+03, 2.239483e+03, 3.057756e+03, 1.206670e+02, 
2.047376e+03, 2.231411e+03, 3.058485e+03, 1.207827e+02, 
2.059137e+03, 2.201472e+03, 2.905421e+03, 1.209034e+02, 
2.070898e+03, 2.164536e+03, 3.043575e+03, 1.197394e+02, 
2.082659e+03, 2.188845e+03, 2.991183e+03, 1.203674e+02, 
2.094420e+03, 2.159732e+03, 2.930919e+03, 1.190477e+02, 
2.106180e+03, 2.148398e+03, 2.903644e+03, 1.217240e+02, 
2.117941e+03, 2.248306e+03, 3.077658e+03, 1.172766e+02, 
2.129702e+03, 2.178144e+03, 2.922002e+03, 1.209101e+02, 
2.141463e+03, 2.177509e+03, 2.919257e+03, 1.183026e+02, 
2.153224e+03, 2.181623e+03, 3.039837e+03, 1.193302e+02, 
2.164984e+03, 2.196378e+03, 3.094653e+03, 1.211056e+02, 
2.176745e+03, 2.216302e+03, 3.003974e+03, 1.220782e+02, 
2.188506e+03, 2.147775e+03, 3.048649e+03, 1.177647e+02, 
2.200267e+03, 2.237643e+03, 2.916862e+03, 1.225213e+02, 
2.212027e+03, 2.206494e+03, 3.108830e+03, 1.213203e+02, 
2.223788e+03, 2.238951e+03, 3.009812e+03, 1.198643e+02, 
2.235549e+03, 2.183267e+03, 3.043136e+03, 1.196096e+02, 
2.247310e+03, 2.194063e+03, 2.888775e+03, 1.195648e+02, 
2.259071e+03, 2.590937e+03, 4.201419e+03, 1.993938e+02, 
2.270831e+03, 2.607217e+03, 4.181547e+03, 2.000461e+02, 
2.282592e+03, 2.671572e+03, 3.975421e+03, 2.001026e+02, 
2.294353e+03, 2.627585e+03, 4.108215e+03, 2.016521e+02, 
2.306114e+03, 2.702799e+03, 4.042873e+03, 2.030540e+02, 
2.317875e+03, 2.599406e+03, 4.115235e+03, 2.009338e+02, 
2.329635e+03, 2.714715e+03, 4.066833e+03, 1.995806e+02, 
2.341396e+03, 2.655298e+03, 4.072151e+03, 2.012504e+02, 
2.353157e+03, 2.677417e+03, 3.995282e+03, 2.003665e+02, 
2.364918e+03, 2.716183e+03, 4.019767e+03, 1.979405e+02, 
2.376678e+03, 2.621890e+03, 3.942736e+03, 2.018984e+02, 
2.388439e+03, 2.638674e+03, 4.238966e+03, 2.006141e+02, 
2.400200e+03, 2.645341e+03, 4.150414e+03, 2.002703e+02, 
2.411961e+03, 2.684974e+03, 4.241897e+03, 2.010305e+02, 
2.423722e+03, 2.692162e+03, 3.989632e+03, 2.005228e+02, 
2.435482e+03, 2.597029e+03, 4.238120e+03, 1.981170e+02, 
2.447243e+03, 2.607350e+03, 4.196648e+03, 1.996753e+02, 
2.459004e+03, 2.631402e+03, 4.125385e+03, 1.997079e+02, 
2.470765e+03, 2.591263e+03, 4.080332e+03, 1.989360e+02, 
2.482525e+03, 2.652900e+03, 4.020497e+03, 2.033642e+02, 
2.494286e+03, 2.628250e+03, 4.182638e+03, 1.982485e+02, 
2.506047e+03, 2.607026e+03, 4.011004e+03, 1.990324e+02, 
2.517808e+03, 2.611435e+03, 3.957053e+03, 1.985760e+02, 
2.529569e+03, 2.703683e+03, 4.187684e+03, 1.976516e+02, 
2.541329e+03, 2.673239e+03, 4.156154e+03, 1.996155e+02, 
2.553090e+03, 2.645822e+03, 4.170590e+03, 1.994519e+02, 
2.564851e+03, 2.704608e+03, 4.146596e+03, 2.030601e+02, 
2.576612e+03, 2.597532e+03, 4.073448e+03, 1.995020e+02, 
2.588373e+03, 2.682535e+03, 4.064170e+03, 1.978716e+02, 
2.600133e+03, 2.681305e+03, 4.203694e+03, 2.032069e+02, 
2.611894e+03, 2.658197e+03, 4.040116e+03, 2.024694e+02, 
2.623655e+03, 2.608156e+03, 4.203169e+03, 1.995407e+02, 
2.635416e+03, 2.662881e+03, 4.194816e+03, 1.969877e+02, 
2.647176e+03, 2.623492e+03, 4.215543e+03, 1.991107e+02, 
2.658937e+03, 2.601521e+03, 4.101849e+03, 1.996881e+02, 
2.670698e+03, 2.611920e+03, 4.144497e+03, 2.005521e+02, 
2.682459e+03, 2.702330e+03, 4.247893e+03, 1.994777e+02, 
2.694220e+03, 2.593217e+03, 4.081620e+03, 2.008868e+02, 
2.705980e+03, 2.615879e+03, 3.955686e+03, 2.007838e+02, 
2.717741e+03, 2.590872e+03, 4.220294e+03, 1.974986e+02, 
2.729502e+03, 2.642278e+03, 4.143030e+03, 1.981041e+02, 
2.741263e+03, 2.585510e+03, 4.052464e+03, 1.985178e+02, 
2.753024e+03, 2.702628e+03, 4.263017e+03, 1.989844e+02, 
2.764784e+03, 2.609807e+03, 4.009528e+03, 1.993588e+02, 
2.776545e+03, 2.596122e+03, 4.150004e+03, 2.000249e+02, 
2.788306e+03, 2.624476e+03, 4.134437e+03, 1.939416e+02, 
2.800067e+03, 2.644178e+03, 4.063017e+03, 1.990860e+02, 
2.811827e+03, 2.597221e+03, 3.982637e+03, 2.024849e+02, 
2.823588e+03, 2.715639e+03, 3.944244e+03, 1.978666e+02, 
2.835349e+03, 2.627752e+03, 4.074125e+03, 2.018675e+02, 
2.847110e+03, 2.623148e+03, 3.996385e+03, 2.007006e+02, 
2.858871e+03, 2.591971e+03, 4.174054e+03, 1.999420e+02, 
2.870631e+03, 2.623267e+03, 4.057479e+03, 2.003649e+02, 
2.882392e+03, 2.589892e+03, 4.212032e+03, 1.968699e+02, 
2.894153e+03, 2.650719e+03, 4.176827e+03, 1.998309e+02, 
2.905914e+03, 2.684639e+03, 4.123296e+03, 2.032079e+02, 
2.917675e+03, 2.667367e+03, 3.994008e+03, 2.001967e+02, 
2.929435e+03, 2.595661e+03, 4.250022e+03, 2.000827e+02, 
2.941196e+03, 2.594464e+03, 4.023026e+03, 1.985317e+02, 
2.952957e+03, 2.686734e+03, 4.239263e+03, 1.999384e+02, 
2.964718e+03, 2.703680e+03, 4.009397e+03, 2.004647e+02, 
2.976478e+03, 2.654475e+03, 4.058529e+03, 2.008528e+02, 
2.988239e+03, 2.598213e+03, 3.964700e+03, 1.992544e+02, 
3.000000e+03, 2.693170e+03, 4.145958e+03, 1.995271e+02, 
